energy [keV]	[[14, 13], 1]	[[15, 13], 2]	[[15, 12], 3]	[[16, 13], 3]	[[15, 11], 4]	[[16, 12], 4]	[[17, 13], 4]	[[16, 11], 5]	[[17, 12], 5]	[[18, 13], 5]	[[16, 10], 6]	[[17, 11], 6]	[[18, 12], 6]	[[17, 10], 7]	[[18, 11], 7]	[[19, 12], 7]	[[18, 10], 8]	[[19, 11], 8]	[[18, 9], 9]	[[19, 10], 9]	[[20, 11], 9]	[[19, 9], 10]	[[20, 10], 10]	
10.361000061	0.0292154733592	0.0273982220285	0.0223442398034	0.0254940745627	0.0195472454249	0.0273087426729	0.0258656582363	0.0274175819395	0.0266177504449	0.0239016955625	0.0218715573401	0.026760421268	0.0245336820546	0.0252459234078	0.0265796923478	0.0268407213944	0.0272126582865	0.0273508811756	0.0380491240928	0.0268169801582	0.0262679960294	0.0377823944043	0.0278081467672	
10.3620004654	0.0374079466146	0.033911023072	0.0312126443667	0.0254330257355	0.0341508471105	0.0264038442077	0.0318288694262	0.0370857030956	0.0347634751007	0.0281670705739	0.0270997293226	0.0446380199157	0.0441518229119	0.0430928309353	0.0423838580033	0.0404425063725	0.0390220573445	0.0337337781711	0.0447337919755	0.0415540776028	0.0429222317623	0.0450130551726	0.0453377026195	
10.3629999161	0.0482247484179	0.0506260885281	0.0460716585289	0.043497432256	0.0328547572857	0.0433875581205	0.0402444789274	0.0407726187602	0.0489371241443	0.0313334458459	0.0453146707586	0.0494721632287	0.0551839847833	0.0554438352411	0.0567094201139	0.0552938921363	0.0528656490585	0.0584126526127	0.0583058560081	0.0453732815797	0.0397507856646	0.0378420887992	0.0423778829222	
10.3640003204	0.0497656429975	0.0519734944908	0.0405959381748	0.054960839885	0.0407967678399	0.0455139126493	0.0529217288125	0.0467702300221	0.0552603773532	0.0646510289286	0.0512117123845	0.0660903333475	0.0651061191962	0.0775748377051	0.0758547984055	0.0753136968146	0.0892556844913	0.0719824092203	0.0939236802162	0.0738831266582	0.0553057559709	0.0721664529822	0.0621956074764	
10.3649997711	0.0851905934149	0.0801363917384	0.058781244441	0.0695796635271	0.05463355547	0.0611765903283	0.0731219153776	0.0800259408722	0.0696067539162	0.0739566933883	0.0858831286848	0.081742727281	0.0894271692104	0.0934323327271	0.0970938518715	0.0838082738333	0.110320742062	0.0911449227327	0.107864137821	0.0920425060683	0.0674505795461	0.0906525479664	0.083056589462	
10.3660001755	0.0985436931182	0.114758647205	0.101804352774	0.108556842688	0.0934169672504	0.0992317750075	0.0990381850918	0.11507248154	0.121207889802	0.142363120156	0.132304070174	0.15709362963	0.151887706397	0.181006010577	0.158802462578	0.169924124103	0.189083958417	0.215244718873	0.173161627179	0.16127674734	0.111015008704	0.116724221094	0.125237038839	
10.3669996262	0.16911942249	0.170082631103	0.137050921073	0.164012926167	0.155843725523	0.167674863164	0.199249646518	0.198713663103	0.210442396952	0.197614642379	0.220090916153	0.252233780197	0.257008384328	0.272396480121	0.316614441239	0.307714580766	0.332381078348	0.293489903859	0.325998441854	0.27289835366	0.225518422846	0.234522743471	0.199627546879	
10.3680000305	0.323806915405	0.282686431615	0.283299614155	0.273142067749	0.295601740102	0.307601282345	0.335488197884	0.377609936508	0.416849974003	0.404324069527	0.426280379935	0.537468615962	0.556643613573	0.598164640566	0.66402314034	0.684881789476	0.637411007983	0.66359384181	0.482789193524	0.506770862555	0.496883405311	0.368719020053	0.403388737868	
10.3690004349	0.501362895005	0.561097622767	0.415462060684	0.592917480537	0.345232945689	0.517304763217	0.599415163189	0.534740067564	0.642311806317	0.627848017009	0.53590168725	0.76770755808	0.800790842971	0.847487523736	0.921247546301	0.837313179199	0.950181078557	0.870683755516	0.923448893985	0.833706002342	0.59159572412	0.790913717239	0.593318369422	
10.3699998856	0.924566423625	0.951391961021	0.793552945194	0.950899534183	0.722486286217	0.839213609994	0.898964622605	0.740810478697	0.951946875091	0.696388478473	0.654039106645	1.05079723796	0.850791693854	1.03769707141	1.09066015706	0.985146926372	1.30593240287	1.05914639467	1.48154962278	1.13261584804	0.89342672657	1.2901142658	0.975748218666	
10.3710002899	1.27036850535	1.30498564947	1.1083013791	1.18436499354	1.0619120592	1.20324709428	1.19360499172	1.23017319179	1.29742871798	1.25636547617	1.17059748271	1.34075641007	1.37475298479	1.25719483319	1.39084604907	1.49791021068	1.27830718561	1.46576801808	1.16545296112	1.36874047242	1.32289028769	1.26526908986	1.4091910881	
10.3719997406	1.51835996431	1.54818026174	1.33299936868	1.4775418779	1.22377051572	1.36698274399	1.39783889292	1.29590802378	1.47206571796	1.45982947222	1.13060802775	1.50823727653	1.55228711496	1.36557603551	1.51880274752	1.69787950484	1.34373558326	1.63555737092	1.16510281061	1.47739070497	1.32279873856	1.32786924021	1.50203881954	
10.373000145	1.44028555937	1.60953011014	1.37480323551	1.54674874854	1.24511963029	1.4894794722	1.44451470239	1.48643217405	1.48086184469	1.33409278061	1.39193434854	1.6210768232	1.47711475267	1.63654445114	1.65514581392	1.63785694224	1.65446720219	1.63575173822	1.7892979223	1.52086971106	1.37477959789	1.44969647419	1.43695528295	
10.3739995956	1.49154664679	1.61126750757	1.45048939641	1.58426793747	1.3783594829	1.54784838578	1.57603076157	1.56972251725	1.5564368692	1.49221339925	1.49668330743	1.62232605842	1.54137662229	1.65456333745	1.63055573126	1.81333398748	1.71579532738	1.65052258148	1.90134254671	1.53639571071	1.485976344	1.48055932578	1.53454787464	
10.375	1.68432298085	1.82321624106	1.59344144561	1.74942640484	1.53892134392	1.68932708864	1.9015064675	1.69808426316	1.80742453735	1.66725319737	1.6271728528	1.67222349326	1.64497110972	1.53101151744	1.66781852717	1.56998549786	1.67936714955	1.51187247195	1.82637555612	1.61260949855	1.2442041165	1.81661512107	1.4609160719	
10.3760004044	1.69848924084	1.78197487577	1.53090296588	1.85188175475	1.46187485381	1.61579183966	1.73772595957	1.51600369629	1.67339775289	1.63274085084	1.392958617	1.69032355559	1.57492385085	1.72832533146	1.5744760508	1.54495521699	1.69149673216	1.44622228897	1.94405723486	1.53270218805	1.29664157615	1.79766939562	1.45320442453	
10.376999855	1.50755915532	1.70096111934	1.637710719	1.7761282081	1.69987541016	1.64279429328	1.77535996385	1.64230355846	1.64711894477	1.67498516166	1.59207433474	1.63503907921	1.61256010827	1.63197005698	1.54955045039	1.87680056481	1.60909255233	1.57023330918	1.83855891699	1.47763154752	1.50174679304	1.51059848564	1.40809851794	
10.3780002594	1.57909327279	1.63678072637	1.60572423434	1.71374536227	1.64293622728	1.6873217505	1.90201613442	1.70147465748	1.6531820633	1.66633494374	1.64690890269	1.54691690588	1.56117434677	1.37125988204	1.54595327905	1.59173074247	1.65679376358	1.45757189174	1.85949785648	1.45300908639	1.54291826057	1.67434838222	1.49161001108	
10.3789997101	1.67757010932	1.711609809	1.68241547296	1.83411633877	1.7254104732	1.6844481387	1.67092058043	1.50728441296	1.57149208285	1.66244498139	1.41727807601	1.6437885859	1.55880558758	1.67052298751	1.55214205348	1.61429816126	1.58337027764	1.56682405966	1.8758407686	1.44708013265	1.25684762192	1.55027025658	1.38217293626	
10.3800001144	1.36057245808	1.55945332047	1.51709155882	1.71388365627	1.5870900255	1.52989310582	1.83770116699	1.40380049634	1.58081380405	1.72285503318	1.23143502631	1.37353873809	1.52567711818	1.15178084667	1.44279103178	1.57356618691	1.38353556948	1.42311362931	1.44148901553	1.39683222499	1.22975804952	1.53495670032	1.41134200931	
10.3809995651	1.52955322282	1.5458953149	1.42531214379	1.56759838271	1.4574722384	1.46429516972	1.4865773516	1.48343388462	1.42999538441	1.29132406032	1.40747130395	1.45089308324	1.35798343581	1.41882268107	1.34854895491	1.37147935709	1.3587641479	1.27020555774	1.51303319466	1.2485777105	1.1166789279	1.38474435263	1.17625882855	
10.3819999695	1.26901777078	1.39983865636	1.34133849588	1.42806763291	1.38741041571	1.28713085581	1.33879547102	1.19695955155	1.31780248343	1.30970205978	1.0229739574	1.35807944511	1.30681433244	1.3118463541	1.32088240652	1.3570265047	1.30965462109	1.25140997733	1.31572779265	1.23124322818	1.23215293017	1.20217481378	1.15883108371	
10.3830003738	1.29502822501	1.27515310531	1.17887546141	1.25564112412	1.17372283172	1.21868774154	1.15953099168	1.19274623655	1.18119362595	1.12074244371	1.1839905959	1.21900620177	1.12454848517	1.23396342321	1.17924341781	1.29010759446	1.21768982632	1.1908672247	1.27979808683	1.07774709183	1.09147818625	1.03149179429	1.09395968592	
10.3839998245	1.09374332643	1.15370850189	1.09874867722	1.19086023092	1.14114725018	1.11301935348	1.17286637392	1.11041629973	1.09911333921	1.16664301325	1.07104700996	1.13036866454	1.13282754187	1.09133890503	1.11320580046	1.18171994665	1.094071196	1.09733958574	1.1349015594	1.08804178305	0.834803021551	1.07881885271	1.00469596979	
10.3850002289	1.14799050169	1.15641982449	0.977875809375	1.17409602977	0.92868748398	1.02248065431	1.10925855393	0.947364954573	1.06343729938	1.00386030092	0.859108584926	1.03935332258	1.00298207177	1.03458569358	1.0047501948	1.06076537126	1.08237464418	1.00595472312	1.25652136766	1.0166078385	0.947555808016	1.09751810818	1.03738464668	
10.3859996796	1.03410745378	1.10280467446	0.980943955572	1.10857986748	0.939559881859	1.13995293377	1.04402103481	1.12601114963	1.05521369428	0.931178192303	1.06757332641	1.06720388368	0.966852836905	1.12255008907	0.990534158069	0.982984564679	1.10988307858	0.959855863066	1.35220394423	0.993148783873	0.912709979989	1.09903290053	0.893116967494	
10.3870000839	1.024725863	1.12576077805	1.06200918	1.13321791657	0.987001616012	1.0874038855	1.02962783513	1.03587645146	1.01904783565	0.816003694354	0.923914706868	1.01311293224	0.90517389837	1.02403367528	0.967531908009	0.848066136638	1.09189819399	0.907170585728	1.25277905213	1.00015064568	0.72705061574	1.18363623378	0.91449624752	
10.3879995346	1.01701876425	1.04785051367	1.00852072102	0.981364608944	0.968786729898	1.04788781623	1.0307980285	1.09025372951	1.03487754906	1.11997524763	1.07619247103	1.0420949973	1.06627197786	1.03109452978	1.03701933528	1.17537756757	1.00386105894	1.05486887448	1.0581558976	1.01613728186	1.06480367807	1.09286414509	1.05583201639	
10.388999939	1.02915879148	1.10865404076	0.92974939444	1.04882231059	0.841198511257	1.01079864518	0.959820367991	0.987253039359	0.980503819133	0.906679947009	0.974005328893	1.01791485555	0.944928358435	1.06682764367	1.02442523502	0.855477184005	1.11258679857	0.851830030948	1.22310508388	0.912400567608	0.732384653239	1.04589298779	0.877427293889	
